1 34.14384102614102 44.48270535818645
2 34.17890309323493 44.50948110556448
3 34.24070444907345 44.51218681595662
4 34.23959133233223 44.51200640702147
5 34.23887250031624 44.51190276756466
6 34.24080637301572 44.51476238174405
7 34.2371397932919 44.51671221266111
8 34.225504370584254 44.51781184397834
9 34.24001243914697 44.51181448283265
10 34.241061182871746 44.51124830021128
11 34.24241838063311 44.510722417248665
12 34.24285289849353 44.51058998609848
13 34.23564554450484 44.51381053587812
14 34.235101056074654 44.51410609039521
15 34.18624275643734 44.51958508688303
16 34.18779575545692 44.520108970741546
17 34.1881015272846 44.519943938357635
18 34.188514587472916 44.52004372549526
19 34.18840729911188 44.50952291395971
20 34.188042518685855 44.51038468687175
21 34.18639963874196 44.51130394960595
22 34.18615287551252 44.51208508784262
23 34.18763077267971 44.511674367962605
24 34.18830668935139 44.51239984335509
25 34.18833351144145 44.51391026153695
26 34.18696826705286 44.51455126573288
27 34.18726062783546 44.51535347059458
28 34.18736255177803 44.515428316905634
29 34.17093270737921 44.512543787765445
30 34.171174106191465 44.51280863938661
31 34.1715871663796 44.51229812592263
32 34.16924828011849 44.51279328738405
33 34.16914635617589 44.512273175987275
34 34.1677703829512 44.51166861260052
35 34.167341229508835 44.51171659407812
36 34.16638904530818 44.51295258303026
37 34.16554146725947 44.51324046483035
38 34.16439884621855 44.513286526569864
39 34.165184733460414 44.51371642634277
40 34.16525983531278 44.514015819432394
41 34.16534834821027 44.51443995697443
42 34.16431837994857 44.5145052086842
43 34.16335278470313 44.51425955512427
44 34.163934824059325 44.513929456441126
45 34.18170015476395 44.50578393837942
46 34.18018202446136 44.50604882265747
47 34.17630891464363 44.50270313303496
48 34.17439381740678 44.501255769700435
49 34.17502145431615 44.50186044258141
50 34.175128742676755 44.50268201847461
51 34.175388916951185 44.50339416980671
52 34.1746674027261 44.50477045902006
53 34.177177950364005 44.505751309087415
54 34.178618296604526 44.5076649749098
55 34.17788873575248 44.50834443566433
56 34.179337128620524 44.50863617910164
57 34.17973409555447 44.5089816632794
58 34.178564652424214 44.50920046811808
59 34.1776956167034 44.50916208143315
60 34.17918156049765 44.50932330599282
61 34.17661736867941 44.509434627525884
62 34.176268681507466 44.50930795144195
63 34.17800138853109 44.50973404280423
64 34.1811020221523 44.50923117802253
65 34.18228219411874 44.50921582344725
66 34.18093036077515 44.51019084021736
67 34.179900392513396 44.510908657066196
68 34.17956243417753 44.51107755385591
69 34.17933176420217 44.510916334577665
70 34.17981992624292 44.51032135322693
71 34.179031356792485 44.509902943583434
72 34.17318950555965 44.52212674351519
73 34.18002109192031 44.5068751430269
74 34.18357233665587 44.50753541921835
75 34.183843239766134 44.50843560938788
76 34.17771170995789 44.51176561438081
77 34.17737375162197 44.51122438178373
78 34.176831945401 44.51068698277198
79 34.176472529392925 44.51273675011161
80 34.17153726480645 44.50915104394584
81 34.16965167186877 44.50902244831108
82 34.17115102670807 44.507905377465704
83 34.17011301181915 44.506882337174275
84 34.16938613317606 44.50714913566919
85 34.17210053008803 44.4974418731497
86 34.17317609590291 44.49591566731089
87 34.173972711980184 44.49867048837857
88 34.17539428275815 44.49914848898313
89 34.17305807870618 44.49894116388812
90 34.17268256944405 44.50036746946278
91 34.17124758762097 44.5019761002918
92 34.170912311494114 44.50194922618074
93 34.17158822677786 44.50972708515506
94 34.172285601121644 44.51030096014418
95 34.172647699338654 44.51091321505579
96 34.17344967983406 44.51157728365413
97 34.1739137019936 44.51201679310962
98 34.17579929493107 44.51168860091521
99 34.175311132890286 44.510890183975
100 34.17547742984908 44.510155093345524
101 34.17495439909102 44.50950636330922
102 34.174632534009156 44.50890560976892
103 34.174163147431464 44.509965081938674
104 34.17412827871419 44.51053127734016
105 34.174364313107176 44.51246973489841
106 34.1707057800103 44.49671261164755
107 34.17235265634537 44.49584487606353
108 34.17529503963644 44.49729345287611
109 34.175775155050104 44.49778106371589
110 34.176982149106806 44.49819572167859
111 34.18210785053401 44.49970075163914
112 34.1624247563513 44.51191205991903
113 34.16163082248286 44.51219610843194
114 34.1621109378965 44.511791147125734
115 34.1619339121015 44.51094474960562
116 34.16144038564272 44.51135163620681
117 34.16249181157645 44.51026148094668
118 34.16109706288857 44.509900650617205
119 34.164007259669546 44.511829532879396
120 34.164935303988905 44.510695242706404
121 34.1657506955293 44.511305574260135
122 34.166370285811624 44.510077227887294
123 34.16449168578655 44.50583597640964
124 34.16484841958554 44.505903157227145
125 34.161061140456354 44.50903945422411
126 34.163410755553265 44.50923522743842
127 34.16311571256161 44.508488599649404
128 34.16167000190246 44.50727170999514
129 34.16241029159048 44.50641181032138
130 34.16322300092196 44.50663446418324
131 34.176872762598144 44.49903111942929
132 34.18051520244018 44.49873356911194
133 34.175102504647604 44.49764125731577
134 34.182491990483264 44.50013108637188
135 34.187480899250914 44.501231030898836
136 34.1669734941509 44.50096771083834
137 34.167273901560534 44.50138426560492
138 34.16548486814735 44.502939121042814
139 34.16583623752834 44.49826291223617
140 34.16679110393736 44.49885225848223
141 34.16695471868722 44.49884266012421
142 34.16694130764188 44.49961244900866
143 34.166284166433236 44.4998082538922
144 34.164715074159396 44.50299095018401
145 34.16691718372869 44.50417425796602
146 34.165720918507816 44.50205700284092
147 34.164717772336395 44.50447178103639
148 34.164645352692965 44.505084097597646
149 34.14043035373995 44.498178444366104
150 34.14049204454723 44.49864685093351
151 34.13881834612192 44.498422246740354
152 34.1425385700256 44.49797303574085
153 34.1442176328687 44.499247711548875
154 34.14234008655829 44.498406889757476
155 34.14733167753468 44.49695749954252
156 34.16727375721658 44.509650012436225
157 34.16738104557718 44.51021621087762
158 34.16647177672095 44.50790339986953
159 34.16589510178265 44.50762316932881
160 34.16720133757286 44.50617976775795
161 34.16772973274872 44.50615481510227
162 34.16548740601188 44.49571019047895
163 34.16344624495149 44.49501522311641
164 34.162681815382065 44.49571211110158
165 34.1436823073589 44.492164281754796
166 34.14444673692807 44.49246186649088
167 34.15750722222857 44.48673943330213
168 34.16155199342243 44.503366907399716
169 34.16103164487353 44.50355502147645
170 34.16135887437322 44.504493663362496
171 34.1615171247051 44.5059447849317
172 34.16563699775192 44.504677935047006
173 34.16444073253114 44.50067181927294
174 34.163110356859555 44.50201938001676
175 34.16616539292757 44.50605181949546
176 34.16518766743618 44.50751672553622
177 34.1566052999346 44.501730371757226
178 34.14920776747108 44.49571598911406
179 34.1479846801603 44.49598667864112
180 34.1475233402097 44.49598667868285
181 34.148869809134965 44.494646657662365
182 34.14974420927375 44.494936550390406
183 34.150961932166354 44.494122543887514
184 34.15120869539572 44.49445275557425
185 34.149816628916874 44.49361570386098
186 34.14997487924865 44.49278631954978
187 34.15523911839858 44.49802595113363
188 34.16235726809129 44.49585993461365
189 34.14381111987815 44.49530593066076
190 34.14321566947646 44.49449960868345
191 34.14307351239863 44.49386523306932
192 34.14232490674573 44.49458818550599
193 34.14241766270425 44.495197424535036
194 34.14135819014334 44.49619571438048
195 34.14326792296191 44.49635889504356
196 34.14493616071314 44.49646026620516
197 34.13949371163941 44.49556335133632
198 34.14001942460625 44.496265991514015
199 34.13755983893947 44.49542512653582
200 34.13792998378352 44.49521010883049
201 34.138764462634974 44.497241060802125
202 34.139888308212086 44.49744455279351
203 34.14835399140163 44.49439876809017
204 34.14766734589382 44.49471169983465
205 34.14693778504174 44.49542778880296
206 34.14729720104954 44.49394321420232
207 34.14602851618546 44.4939526756341
208 34.144203148479455 44.49356592712227
209 34.162998792429384 44.50951596363667
210 34.16479855467818 44.509059161564686
211 34.16602432419795 44.50888066223343
212 34.16687458445559 44.50876742046731
213 34.16770875145918 44.50874822697399
214 34.16880404856286 44.50527138237822
215 34.16901594307493 44.5039450127788
216 34.16918760445188 44.50304091419583
217 34.16939413454592 44.50249768048636
218 34.17026853468465 44.50203122487461
219 34.17001104261918 44.499758399399475
220 34.17037314083619 44.49759490909852
221 34.15885037090766 44.488876779971726
222 34.15709352400269 44.48938808902869
223 34.15664827730609 44.48886776749289
224 34.156905769371534 44.48883512725117
225 34.15756559278911 44.48999288546887
226 34.16085666325034 44.48970488819413
227 34.15543055441305 44.49031928095278
228 34.153375238081054 44.49019816290341
229 34.15181419243426 44.48871976680562
230 34.14900323738647 44.488422163367225
231 34.14863309254239 44.48820327961261
232 34.1481851636368 44.48750630216096
233 34.14591065039203 44.48666722999858
234 34.14246251538375 44.48434157223364
235 34.1414245004946 44.481102360210315
236 34.14127966120768 44.48161123029139
237 34.16839411213877 44.51179362129561
238 34.16801323845862 44.51117945660795
239 34.16868647292121 44.50846745743575
240 34.168182217626246 44.50504512841995
241 34.168074929265465 44.501860626120255
242 34.168788396863384 44.50208329754678
243 34.16909416869107 44.50122140125025
244 34.16877498581829 44.50005618911718
245 34.16868915512979 44.49912899374251
246 34.13839369042712 44.45977573751802
247 34.13645713551794 44.46090142091578
248 34.1391259334881 44.46073814021245
249 34.133060168850406 44.445132188651456
250 34.15207434855619 44.48887126583922
251 34.13796190837865 44.481508142834464
252 34.139276190795854 44.48252203069974
253 34.13983409027093 44.48231080560419
254 34.14038259029695 44.48385464115631
255 34.13902271032637 44.48421947449054
256 34.141270401480604 44.488059685408366
257 34.139937343599975 44.48872017625538
258 34.138773264887504 44.48907921888671
259 34.13713443517938 44.48937681942994
260 34.1368930363677 44.48889873821809
261 34.14195168256939 44.48834001181891
262 34.142788531782685 44.487833120526446
263 34.143526139261745 44.48799440449717
264 34.169328989984514 44.50022571234966
265 34.168041529657366 44.49997940332508
266 34.1677384400387 44.4999006978028
267 34.16790205478855 44.50078948862722
268 34.16756409645256 44.50378017928822
269 34.16740584612052 44.49804436753889
270 34.16940140962744 44.49858956303177
271 34.169479193688844 44.499152030314896
272 34.15598749647148 44.4953922419404
273 34.16181057224269 44.494447693530766
274 34.161459202861664 44.49424227144409
275 34.15797233114216 44.4944956895103
276 34.15771483907672 44.494944927669536
277 34.14824395226121 44.49303697620902
278 34.13404262621627 44.49324415290566
279 34.13386023600322 44.492622111774686
280 34.13361883719183 44.49256067526789
281 34.13573644120909 44.49460916432952
282 34.13746378381468 44.49405241255871
283 34.13845620115015 44.49416760304885
284 34.13934401233408 44.495334853590016
285 34.13837573487968 44.49295233220352
286 34.13882098157572 44.49267586962247
287 34.140282785489134 44.49379131354306
288 34.138470852323515 44.49196341056826
289 34.138157033868765 44.49277168802991
290 34.13784321541399 44.492583538964844
291 34.13727458710284 44.49260081798802
292 34.167054647243354 44.495192622356186
293 34.16660403612873 44.494856655522135
294 34.166040772235476 44.494426615280226
295 34.16529780033831 44.49366251770004
296 34.16449850205186 44.49245875550866
297 34.16000311974272 44.490185554489045
298 34.15896242264488 44.490329552194076
299 34.15700172785494 44.49058490721186
300 34.15474330786427 44.49091513917081
301 34.15711974505142 44.49234932190353
302 34.15981804732032 44.49101305653367
303 34.16013186577502 44.49040059124347
304 34.15794854763683 44.49128952790686
305 34.155885928904254 44.49141624362145
306 34.15526902083071 44.49137208543411
307 34.13273847246186 44.49241246577569
308 34.14333083689625 44.484723496922655
309 34.144207919244124 44.48491359168403
310 34.14675870001728 44.48779565920261
311 34.15207215607563 44.490571985901376
312 34.13414427101976 44.48184895869692
313 34.13356491387235 44.48169341875291
314 34.13337715924084 44.48090995099386
315 34.133910918835355 44.48074288573847
316 34.13560607493277 44.48031274050884
317 34.13629540264954 44.480710240940184
318 34.144690157441744 44.48121817050289
319 34.14426905062641 44.482082284869634
320 34.14375138428648 44.48242216637723
321 34.13918626454302 44.4880193653333
322 34.138049007920706 44.488075046575126
323 34.14193016436512 44.482493218197966
324 34.142260076073846 44.48309232574812
325 34.14238077547939 44.48352821110854
326 34.14145386011874 44.48555297147645
327 34.14144581349177 44.48572386222402
328 34.14236849339236 44.48648038517156
329 34.142658171966445 44.4868221600653
330 34.14345210583474 44.487346340376156
331 34.14499974043627 44.487332899979926
332 34.14671903641432 44.48825836518977
333 34.14493000300139 44.489306694933546
334 34.14486831219406 44.4901284493421
335 34.150702116801355 44.49093099271512
336 34.143757877661656 44.482736081621766
337 34.144626592123494 44.48039296418509
338 34.145895276987524 44.4812494097885
339 34.147780869924794 44.48228058447049
340 34.15000710340713 44.4850379740036
341 34.153606627905106 44.486504943980066
342 34.15207290001966 44.483827581226066
343 34.129566921081135 44.48072050941031
344 34.122939182605194 44.48249098523927
345 34.11993420411114 44.48376006898443
346 34.11941921998007 44.48534419944669
347 34.11780453015275 44.48618329133422
348 34.10644537497443 44.484777758687436
349 34.14310748805411 44.48335538940246
350 34.142784763229216 44.496092580684525
351 34.13582711304442 44.49806799625523
352 34.14672224606267 44.483961210142446
353 34.145212162387175 44.484414370598635
354 34.18660132969569 44.51390439858842
355 34.18557940806103 44.512440042104636
356 34.18506978834796 44.51145738661267
357 34.18780832375181 44.5087607549948
358 34.18947665775886 44.512954395164996
359 34.19026522720925 44.513994601167795
360 34.19115035618411 44.514812166923136
361 34.17237757528799 44.496728986413714
362 34.16305265641394 44.50546016115366
363 34.13391610588881 44.50115682880132
364 34.14030199455521 44.49299860173033
365 34.14067213939921 44.49272405854759
366 34.14844518112417 44.49137052268791
367 34.149915435601095 44.49188112614575
368 34.15093735723573 44.49205583817102
369 34.14289877681773 44.47538460641251
370 34.14283440380139 44.47535195855398
371 34.14317772655521 44.47474124824727
372 34.14305434494052 44.47426688705709
373 34.144631483840996 44.471996813381935
374 34.13339104591361 44.482768639825295
375 34.13204457698809 44.48237307382781
376 34.13298871456133 44.48304707071053
377 34.13218673406587 44.48329477700965
378 34.1319185131644 44.483655773452185
379 34.147304217707024 44.50247267465147
380 34.161801557431936 44.5104728653285
381 34.160988848100374 44.511088956978675
382 34.16036925781774 44.51091430251595
383 34.18708765227703 44.51987101664466
384 34.155052408200824 44.49002480444363
385 34.154864653569746 44.489702247525635
386 34.15422360561511 44.48869424559656
387 34.15098886154283 44.48703916467049
388 34.16574117063894 44.516929463648026
389 34.166497553581145 44.51698895528262
390 34.16086759685872 44.49509191992126
391 34.1602238666951 44.49525126385824
392 34.15995564579362 44.495729292997076
393 34.143425191634186 44.47615951467998
394 34.14342250942507 44.47668187114049
395 34.16393889980412 44.493477786008704
396 34.16217400627224 44.49323588308644
397 34.161141355801526 44.49266951871324
398 34.16061027841653 44.49238345472761
399 34.17841571021158 44.5109079397231
400 34.182147050311876 44.50942143466877
401 34.18297853510634 44.508857148035304
402 34.179801935397535 44.498891130988035
403 34.17926281138555 44.499038946406884
404 34.178240889750754 44.498459200921815
405 34.1737240497694 44.49669497291185
406 34.1725519244299 44.49545479770373
407 34.1716667954547 44.496944541085966
408 34.16325538798366 44.493016605730546
409 34.15693972760536 44.48457849966286
410 34.15588830167168 44.4832305335807
411 34.13918618613565 44.4805306675496
412 34.13879726582846 44.48031175406439
413 34.1279388202088 44.48176321513295
414 34.14212234147871 44.48182082368111
415 34.14084560998751 44.482427619118134
416 34.14062030443022 44.4820762163291
417 34.12726826795364 44.49421278244353
418 34.1697061789868 44.500892596577856
419 34.14057839154039 44.493864455366634
420 34.154214032658174 44.481873976086035
421 34.1555122218211 44.501597312893935
422 34.15885425425353 44.50267227514258
423 34.155113716850465 44.486906725205365
424 34.18723713353144 44.514152010124505
425 34.13687369783066 44.49421944002096
426 34.147990113092234 44.487152087235174
427 34.14756364185916 44.48666438697426
428 34.17762915211476 44.50522368407743
429 34.13558820801522 44.49746657539514
430 34.13505981283924 44.49817879086916
431 34.15829847174397 44.515309875709704
432 34.16055152731643 44.51571673164802
433 34.21721855717346 44.51259231269985
434 34.22971074038902 44.50802276893653
435 34.23243318253927 44.50838553027652
436 34.233473879636925 44.50840280468927
437 34.23432413989467 44.510546698587284
438 34.240544182600146 44.50663887966362
439 34.24200866872224 44.50632793188632
440 34.24228761845979 44.506343287415035
441 34.23457090312378 44.51214737012502
442 34.126098395016804 44.44236018972269
443 34.12650609078691 44.442041210749714
444 34.125663877156235 44.44201046572367
445 34.12348860564503 44.4423409745197
446 34.121922195580176 44.441697249792426
447 34.12143939795742 44.4412437558453
448 34.12060523095378 44.44081716083416
449 34.120444298412885 44.44029832483103
450 34.12138307156807 44.440765277722036
451 34.12257397237064 44.44060962737195
452 34.12241840424772 44.44116881435569
453 34.123035312321036 44.44098626263572
454 34.105518157181365 44.44442031505091
455 34.09879756577034 44.441659078015405
456 34.09983021624088 44.44025630879906
457 34.12555796511118 44.4426832721476
458 34.112499344423235 44.43175063928186
459 34.10185097463399 44.43679158272264
460 34.1025939465311 44.43799073620921
461 34.10247861154343 44.43761984689352
462 34.10376070745251 44.438888163492905
463 34.104205954148924 44.439430072151474
464 34.10241691237328 44.43920782915585
465 34.10181609755394 44.43920782917688
466 34.10103021031264 44.43954411879938
467 34.09988758927226 44.43949799931162
468 34.10208700066425 44.43836613633915
469 34.101883152779195 44.438398804983
470 34.09999220378657 44.437105495607256
471 34.09913657911083 44.43763012548316
472 34.097816932275464 44.43720158220131
473 34.09660189159145 44.43734763392576
474 34.09650533206695 44.43734186863421
475 34.09803799310511 44.43828999121441
476 34.09757128873648 44.438843435471725
477 34.06619869912937 44.437032074427194
478 34.078014025539474 44.4337654019484
479 34.078807959407456 44.43197614154708
480 34.07844854339946 44.431820467581545
481 34.080374369471954 44.43175127928711
482 34.08022416576732 44.43203764238368
483 34.07947717055659 44.43136113056549
484 34.08017454490046 44.43245277090515
485 34.0804105792937 44.43259883390735
486 34.08042667254772 44.432452771178575
487 34.07720000301513 44.430363645864894
488 34.077594287740325 44.43036748977064
489 34.07593131815105 44.43035980202204
490 34.07506764684826 44.43001769341364
491 34.07820851360465 44.42957564000867
492 34.077752538072076 44.42910475332561
493 34.07637930288117 44.42867038100501
494 34.07585358991425 44.4288356735632
495 34.07596488962976 44.428144468778335
496 34.076962671383306 44.42845775825613
497 34.07657109677949 44.427193058001734
498 34.074639906288716 44.42745830142707
499 34.07326661527309 44.427398717916155
500 34.07392107427265 44.429559063368565
501 34.07415442645689 44.42794842223919
502 34.07936059415474 44.42838856626946
503 34.072483438152695 44.42292208917953
504 34.07275702347222 44.42244153741112
505 34.07321836342279 44.422518425968065
506 34.0719630896038 44.42356025589919
507 34.071051138538756 44.424402163850885
508 34.07225276817733 44.42415228383873
509 34.07216693748886 44.42464435434538
510 34.07293941368514 44.424525181423284
511 34.07428658704937 44.42447502973572
512 34.07403982382001 44.42409828755057
513 34.07528436880287 44.4241828625654
514 34.07408279498895 44.42341399449696
515 34.07461387237385 44.423485115245555
516 34.0775643022902 44.42495556488485
517 34.07020971308354 44.42619532710478
518 34.06993076334602 44.426129975997604
519 34.08059522638858 44.42635678319146
520 34.085648508172476 44.43343731483637
521 34.08339545259994 44.43280886623429
522 34.08759847412626 44.432668569495846
523 34.08794450700154 44.432159269982485
524 34.089207827447545 44.43277235080281
525 34.089360741273715 44.43228803678607
526 34.0899159864522 44.43265703838234
527 34.09022983281911 44.43370060835153
528 34.08422436683429 44.431175253217184
529 34.08412780730976 44.43115026817317
530 34.08623065917736 44.430806242369364
531 34.088596367528446 44.430915792810254
532 34.08795534748626 44.43119447268491
533 34.08657132763448 44.43029884868106
534 34.086308471151035 44.430058603842845
535 34.085769347139 44.42956273528699
536 34.084363869615196 44.42923599792631
537 34.08326416391904 44.429024578676376
538 34.0826418914276 44.42904379870884
539 34.08298521418144 44.42933978547556
540 34.08550112623735 44.42913605464156
541 34.085943690724754 44.42910145881018
542 34.08707021851094 44.42905725299924
543 34.08716144152988 44.428974607126
544 34.08571844099221 44.42786752521919
545 34.085074710828636 44.427875213381974
546 34.08495669363197 44.42749657123358
547 34.08508007524666 44.42764649079288
548 34.08421372173486 44.42767724353392
549 34.08250247238325 44.427529246437516
550 34.081839966756476 44.4264259812393
551 34.083036231977125 44.426395227898546
552 34.089781987649495 44.42982989113942
553 34.09047399757533 44.42930134692569
554 34.0902353088854 44.429093771861794
555 34.09020312237719 44.42885736602093
556 34.090321139573845 44.42866516546572
557 34.09045256781555 44.42847873029943
558 34.089229480504734 44.42849795044952
559 34.09136720108958 44.4299279119355
560 34.09160323548264 44.439388986336354
561 34.094347135304645 44.43873562081956
562 34.09287728476439 44.437457692465095
563 34.09217186379344 44.438510784431045
564 34.09351133359615 44.43697963993454
565 34.09375544252877 44.43686625758929
566 34.09412826958178 44.436666396617696
567 34.091706262753426 44.43580160562904
568 34.091907428429444 44.43428915086726
569 34.10377888552914 44.43549796528984
570 34.103298798027836 44.43502328303086
571 34.10242708009796 44.435169339585535
572 34.10046638530792 44.434529378890105
573 34.09967513364852 44.4339143948771
574 34.09949006122645 44.43399319009414
575 34.104478395630075 44.43346463850135
576 34.10140997642934 44.43212893735942
577 34.10150385374487 44.43184834017251
578 34.1015655445522 44.4316772905277
579 34.102989797539074 44.43170227540798
580 34.101847176498666 44.431448583086926
581 34.10245335573603 44.431175670294756
582 34.1039232062761 44.429557386037956
583 34.10559154028328 44.429465131027314
584 34.10516775125894 44.42896925740199
585 34.10469031805428 44.428780901207006
586 34.10411096090705 44.42864636069955
587 34.10367107862863 44.42871555301029
588 34.1022709655228 44.42911917322133
589 34.09818596119305 44.430149353098486
590 34.09641838545216 44.429734208377035
591 34.096686606353636 44.43014935328783
592 34.097485904640074 44.430059021159956
593 34.09623334094244 44.42882510788061
594 34.09633794709401 44.42831961870712
595 34.09396839209212 44.43081380991625
596 34.09227323599466 44.43072924462405
597 34.11198644716716 44.43280519574924
598 34.110782135319425 44.43277060210462
599 34.11110131819212 44.432034520034016
600 34.106321621727574 44.432511148849564
601 34.10270063955729 44.43451371538747
602 34.11448626596851 44.43138875920679
603 34.117463629624545 44.43202298910996
604 34.106667738339425 44.43048545057381
605 34.106166165253654 44.43025097235706
606 34.10833339013762 44.43002994706874
607 34.109663765809 44.43059884561561
608 34.11116585868207 44.430533499465355
609 34.11346724984164 44.430172172270225
610 34.11405202723164 44.430975545702395
611 34.11746379709854 44.42913814906361
612 34.11783936218535 44.430694942982036
613 34.11923416669782 44.43011835757536
614 34.11949702318124 44.429749339924676
615 34.11922880227969 44.42934956821553
616 34.12046798284455 44.42967630504222
617 34.12018366868895 44.428238649497224
618 34.11828466470634 44.43949292686762
619 34.125939689234684 44.432247852063085
620 34.12433572824377 44.43228244610345
621 34.12784405763517 44.43369309585715
622 34.12814988528765 44.434285020426664
623 34.12897064124622 44.434992247032916
624 34.128589823390755 44.43559568911657
625 34.128335013534326 44.43584551995867
626 34.12979622511856 44.43605426388837
627 34.129951821153746 44.43686332112398
628 34.130496309583684 44.437635854604
629 34.130225434385565 44.43769927109058
630 34.12448550709366 44.42862424715632
631 34.12510777958502 44.430204118464616
632 34.12248994358649 44.43112280734144
